X Xd Y Yd Th Thd s Fn Ft
0 0 0 0 0 0 0 0 0
0.000582154 0.115709 0.000393791 0.0794594 0.0364574 7.29148 0.102 0.874916 0.874916
0.00113077 -0.00968151 0.00154993 0.148576 0.11238 7.74719 0.102 0.874916 -0.874916
0.00152848 0.0868229 0.0035186 0.244038 0.227084 15.0387 0.102 0.874916 0.874916
0.00280875 0.163804 0.00651089 0.351479 0.376696 14.583 0 0.874916 0.874916
0.00475546 0.21845 0.01064 0.468643 0.521705 14.1272 0 0.874916 0.874916
0.00714037 0.250323 0.0159863 0.592001 0.662112 13.6715 0 0.874916 0.874916
0.00973357 0.259532 0.0225955 0.718209 0.797915 13.2158 0 0.874916 0.874916
0.0123087 0.24666 0.0304807 0.844181 0.929116 12.7601 0 0.874916 0.874916
0.0146473 0.212678 0.0396253 0.967137 1.05571 12.3044 0 0.874916 0.874916
0.0165424 0.158868 0.0499864 1.08464 1.17771 11.8486 0 0.874916 0.874916
0.0178011 0.0867443 0.0614981 1.19459 1.2951 11.3929 0 0.874916 0.874916
0.0182467 -0.00201976 0.0740755 1.29529 1.40789 10.9372 0 0.874916 0.874916
0.0175717 -0.130958 0.0864558 1.15242 1.52064 11.3929 0.102 0.874916 -0.874916
0.0156566 -0.247123 0.0973219 0.995451 1.63798 11.8486 0.102 0.874916 -0.874916
0.0126409 -0.348379 0.106536 0.825465 1.75993 12.3044 0.102 0.874916 -0.874916
0.00860293 -0.453534 0.115001 0.848786 1.88253 11.9678 0 0.646194 0.646194
0.00367428 -0.519983 0.122627 0.658142 2.00568 12.4235 0.102 0.874916 -0.874916
-0.00182941 -0.566941 0.128291 0.460384 2.13343 12.8792 0.102 0.874916 -0.874916
-0.00836983 -0.730369 0.132894 0.447569 2.26124 12.4235 0 0.874916 0.874916
-0.0157909 -0.735681 0.136393 0.243095 2.38899 12.8792 0.102 0.874916 -0.874916
-0.0231587 -0.719497 0.137828 0.0393376 2.52135 13.3349 0.102 0.874916 -0.874916
-0.0312354 -0.880608 0.137858 -0.03761 2.65375 12.8792 0 0.874916 0.874916
-0.040864 -1.02615 0.136985 -0.139351 2.78175 12.4632 0.00444252 0.874916 0.798704
-0.0519676 -1.17242 0.13501 -0.255872 2.90535 12.0075 0 0.874916 0.874916
-0.0644976 -1.30825 0.131771 -0.389531 3.02435 11.5518 0 0.874916 0.874916
-0.078341 -1.43214 0.127105 -0.538369 3.13875 11.096 0 0.874916 0.874916
-0.0929085 -1.45051 0.120883 -0.695593 3.25034 11.0005 0.0403045 0.874916 0.183483
-0.107472 -1.43055 0.113084 -0.849954 3.38079 14.8694 0.102 0.874916 -0.00119562
-0.121192 -1.2831 0.103909 -0.964098 3.53325 15.3251 0.102 0.874916 -0.874916
-0.134431 -1.33482 0.0931975 -1.16032 3.68575 14.8694 0 0.874916 0.874916
-0.1471 -1.17162 0.0811253 -1.22673 3.83821 15.3251 0.102 0.874916 -0.874916
-0.158965 -1.17376 0.0677131 -1.43122 3.99072 14.8694 0 0.874916 0.874916
-0.170727 -1.1511 0.0522402 -1.63419 4.13862 14.4137 0 0.874916 0.874916
-0.181968 -1.07161 0.0350382 -1.77159 4.28326 14.2268 0.0300875 0.874916 0.358758
-0.192384 -0.987579 0.0163935 -1.91988 4.42554 13.9432 0.0192621 0.874916 0.544471
-0.20193 -0.898617 -0.00390064 -2.09848 4.56408 13.4875 0 0.874916 0.874916
-0.210485 -0.791516 -0.0259335 -2.2637 4.69803 13.0318 0 0.874916 0.874916
-0.217894 -0.674641 -0.0489695 -2.29602 4.81006 9.11366 0 0.874916 -0.0113969
-0.224198 -0.57388 -0.0717021 -2.20363 4.86565 1.82219 0 0.874916 -0.874916
-0.229323 -0.439442 -0.0946396 -2.33942 4.88177 1.36647 0 0.874916 0.874916
