X Xd Y Yd Th Thd s Fn Ft
0 0 0 0 0 0 0 0 0
-0.00058581 -0.117206 0.000390184 0.0779923 0.00227859 0.455717 0.102 0.874916 -0.874916
-0.00118968 -0.00204013 0.00157389 0.157976 0.0433387 7.74719 0.102 0.874916 0.874916
-0.0018349 -0.128413 0.00351781 0.225937 0.123864 8.20291 0.102 0.874916 -0.874916
-0.00320797 -0.145631 0.00618521 0.302725 0.226487 12.1577 0.102 0.874916 0.0207932
-0.00539788 -0.2911 0.00945773 0.34266 0.351559 12.6135 0.102 0.874916 -0.874916
-0.00910302 -0.445413 0.0130395 0.363478 0.481234 13.0692 0.102 0.874916 -0.874916
-0.0144015 -0.606252 0.0167288 0.36347 0.615511 13.5249 0.102 0.874916 -0.874916
-0.0213459 -0.770899 0.0203078 0.341203 0.754391 13.9806 0.102 0.874916 -0.874916
-0.0291442 -0.777211 0.0243863 0.467541 0.893316 13.5249 0 0.874916 0.874916
-0.0372135 -0.820932 0.0288798 0.420849 1.02293 12.1267 0.0273526 0.23462 -0.23462
-0.0460782 -0.936268 0.0331087 0.414119 1.1459 12.2257 0.062081 0.874916 -0.190096
-0.0562966 -1.08724 0.0367728 0.307226 1.27166 12.6814 0.102 0.874916 -0.874916
-0.0679926 -1.22831 0.0392632 0.181616 1.40202 13.1371 0.102 0.874916 -0.874916
-0.0810523 -1.35669 0.0403946 0.0381147 1.53698 13.5929 0.102 0.874916 -0.874916
-0.0953334 -1.46956 0.0399924 -0.121961 1.67655 14.0486 0.102 0.874916 -0.874916
-0.110666 -1.56418 0.0378981 -0.29677 1.82072 14.5043 0.102 0.874916 -0.874916
-0.126851 -1.63797 0.0339741 -0.483925 1.96949 14.96 0.102 0.874916 -0.874916
-0.143493 -1.65618 0.0286136 -0.578936 2.11252 13.3467 0.0362775 0.311174 -0.311174
-0.160378 -1.68418 0.0217902 -0.774812 2.24812 13.5065 0.0981856 0.842198 -0.842198
-0.178133 -1.83293 0.0137301 -0.825092 2.38274 13.1463 0.010691 0.874916 0.69151
-0.196588 -1.81756 0.00437572 -1.02892 2.51779 13.602 0.102 0.874916 -0.874916
-0.214775 -1.77977 -0.00702167 -1.22909 2.65745 14.0577 0.102 0.874916 -0.874916
-0.233529 -1.93402 -0.0199124 -1.3281 2.79716 13.602 0 0.874916 0.874916
-0.252676 -1.85327 -0.0342531 -1.5116 2.93682 14.0577 0.102 0.874916 -0.874916
-0.272064 -1.985 -0.0502009 -1.65082 3.07652 13.602 0 0.874916 0.874916
-0.291543 -1.86899 -0.0676697 -1.80797 3.17744 6.31055 0 0.874916 -0.874916
-0.309802 -1.74419 -0.0866766 -1.95586 3.24346 6.76627 0.102 0.874916 -0.874916
-0.326764 -1.61225 -0.107134 -2.09498 3.31408 7.22198 0.102 0.874916 -0.874916
-0.342574 -1.51677 -0.128993 -2.23425 3.35688 1.19402 0 0.874916 -0.551479
