X Xd Y Yd Th Thd s Fn Ft
0 0 0 0 0 0 0 0 0
-0.00058581 -0.117206 0.000390184 0.0779923 0.00227859 0.455717 0.102 0.874916 -0.874916
-0.00235761 -0.234945 0.00156587 0.155449 0.00915992 0.911434 0.102 0.874916 -0.874916
-0.00532344 -0.353745 0.00351892 0.231822 0.020644 1.36715 0.102 0.874916 -0.874916
-0.00949661 -0.474121 0.00623558 0.306549 0.0367308 1.82287 0.102 0.874916 -0.874916
-0.0148955 -0.596566 0.00969633 0.379044 0.0574204 2.27859 0.102 0.874916 -0.874916
-0.0213695 -0.686526 0.0137241 0.418681 0.0742956 1.05089 0.0735984 0.631298 -0.631298
-0.0283034 -0.686526 0.0177576 0.379642 0.0849096 1.05089 0 0 0
-0.0352596 -0.690816 0.0219826 0.457775 0.076968 -2.66021 0 0.874916 0.0415962
-0.0416935 -0.581551 0.0270348 0.542967 0.0478263 -3.11494 0.000111193 0.874916 0.873009
-0.0476342 -0.593929 0.0329072 0.620755 -0.00437393 -7.2628 0 0.874916 -0.0702083
-0.0530308 -0.472088 0.0395501 0.693857 -0.0800068 -7.71852 0 0.874916 0.874916
-0.0577361 -0.458013 0.046945 0.771058 -0.157968 -7.71938 0.0509035 0.874916 0.00165482
-0.0628312 -0.550084 0.0552197 0.869654 -0.233655 -7.26366 0.102 0.874916 -0.874916
-0.0688043 -0.631815 0.0645233 0.974637 -0.30474 -6.80795 0.102 0.874916 -0.874916
-0.0744429 -0.482408 0.0745379 1.00701 -0.375779 -7.26366 0 0.874916 0.874916
-0.079003 -0.419097 0.0850176 1.06825 -0.427046 -2.84448 0.102 0.874916 0.13966
-0.0824575 -0.263141 0.0958946 1.08497 -0.458054 -3.3002 0 0.874916 0.874916
-0.0843282 -0.105418 0.106915 1.09647 -0.493664 -3.75592 0 0.874916 0.874916
-0.0845968 0.0541045 0.118022 1.10196 -0.533878 -4.21164 0 0.874916 0.874916
-0.0835044 0.163473 0.129311 1.13351 -0.548756 1.32018 0.102 0.874916 0.424475
-0.0814711 0.239366 0.141018 1.18563 -0.513308 5.74303 0.102 0.874916 0.140598
-0.0786959 0.309598 0.15327 1.24209 -0.433235 10.1568 0.102 0.874916 0.138266
-0.0751423 0.394248 0.165794 1.23948 -0.319915 12.304 0.0567835 0.487067 0.487067
-0.0715619 0.310893 0.178842 1.34344 -0.193365 12.7598 0.102 0.874916 -0.874916
-0.0684236 0.30797 0.192808 1.42281 -0.0641379 12.8306 0.0589235 0.874916 -0.13593
-0.0658733 0.193422 0.207568 1.49821 0.0668571 13.1118 0.0997852 0.855919 -0.855919
-0.064566 0.0618891 0.223022 1.55963 0.201565 13.5675 0.102 0.874916 -0.874916
-0.0641564 0.0162711 0.239128 1.6294 0.338889 13.626 0.0575375 0.874916 -0.112152
-0.0647541 -0.137565 0.255713 1.65138 0.47879 14.0817 0.102 0.874916 -0.874916
-0.0661435 -0.137565 0.272197 1.61234 0.621015 14.0817 0 0 0
-0.0674352 -0.121912 0.289108 1.73806 0.760961 13.626 0 0.874916 0.874916
-0.069494 -0.287246 0.30645 1.69166 0.900862 14.0817 0.102 0.874916 -0.874916
-0.073212 -0.44986 0.323207 1.62192 1.04537 14.5374 0.102 0.874916 -0.874916
-0.0785443 -0.606227 0.339142 1.52873 1.19447 14.9931 0.102 0.874916 -0.874916
-0.0853154 -0.73534 0.354297 1.46842 1.34704 15.2213 0.0765355 0.874916 -0.438068
-0.0934197 -0.868207 0.368457 1.33077 1.50306 15.677 0.102 0.874916 -0.874916
-0.102783 -0.98386 0.381127 1.17341 1.66367 16.1327 0.102 0.874916 -0.874916
-0.113296 -1.10142 0.393212 1.21698 1.82463 15.737 0 0.759793 0.759793
-0.125046 -1.22664 0.405346 1.18213 1.9827 15.5624 0.0314698 0.874916 0.335046
-0.13822 -1.38489 0.417353 1.19142 2.13761 15.1067 0 0.874916 0.874916
-0.153023 -1.54865 0.42933 1.1761 2.28791 14.651 0 0.874916 0.874916
-0.169492 -1.71414 0.44103 1.13636 2.4336 14.1953 0 0.874916 0.874916
-0.187626 -1.87783 0.45221 1.07297 2.5747 13.7396 0 0.874916 0.874916
-0.206376 -1.83083 0.462053 0.875254 2.71575 14.1953 0.102 0.874916 -0.874916
-0.225628 -1.98128 0.470371 0.767257 2.85684 13.7396 0 0.874916 0.874916
-0.246347 -2.12074 0.477496 0.639102 2.99333 13.2839 0 0.874916 0.874916
-0.268409 -2.24703 0.483234 0.493081 3.12522 12.8281 0 0.874916 0.874916
-0.290941 -2.21218 0.487437 0.338278 3.23101 8.07303 0 0.874916 -0.225652
-0.312634 -2.08085 0.490145 0.198388 3.31482 8.52875 0.102 0.874916 -0.874916
-0.33296 -1.94134 0.491498 0.0701675 3.40324 8.98447 0.102 0.874916 -0.874916
-0.351838 -1.79433 0.491619 -0.045048 3.49626 9.44018 0.102 0.874916 -0.874916
-0.369682 -1.73716 0.49045 -0.187115 3.57033 5.1833 0 0.874916 -0.0981152
-0.386446 -1.58049 0.488089 -0.279821 3.62496 5.63902 0.102 0.874916 -0.874916
-0.401614 -1.42102 0.484837 -0.363527 3.68419 6.09473 0.102 0.874916 -0.874916
-0.416149 -1.45604 0.480162 -0.564429 3.74347 5.63902 0 0.874916 0.874916
-0.430038 -1.29241 0.474131 -0.628968 3.8027 6.09473 0.102 0.874916 -0.874916
-0.442268 -1.12752 0.467497 -0.683398 3.86653 6.55045 0.102 0.874916 -0.874916
-0.452829 -0.961981 0.460368 -0.726902 3.93497 7.00617 0.102 0.874916 -0.874916
-0.461717 -0.796544 0.452857 -0.758698 4.00801 7.46188 0.102 0.874916 -0.874916
-0.468939 -0.632127 0.445086 -0.778067 4.08566 7.9176 0.102 0.874916 -0.874916
-0.475171 -0.599633 0.436219 -0.979477 4.16335 7.46188 0 0.874916 0.874916
-0.481014 -0.554998 0.425331 -1.17798 4.23643 7.00617 0 0.874916 0.874916
-0.486137 -0.45757 0.412893 -1.28493 4.30681 6.92903 0.0423675 0.874916 0.148093
-0.490318 -0.368432 0.399245 -1.41777 4.37572 6.71471 0.027015 0.874916 0.411467
-0.493301 -0.221781 0.385107 -1.3799 4.44582 7.17043 0.102 0.874916 -0.874916
-0.494832 -0.0810807 0.371402 -1.33162 4.52052 7.62614 0.102 0.874916 -0.874916
-0.494977 0.0524845 0.358238 -1.27278 4.59982 8.08186 0.102 0.874916 -0.874916
-0.493914 0.160733 0.344554 -1.43713 4.67917 7.62614 0 0.874916 0.874916
-0.49171 0.278312 0.329253 -1.59277 4.75391 7.17043 0 0.874916 0.874916
-0.488277 0.404029 0.312425 -1.7396 4.82406 6.71471 0 0.874916 0.874916
-0.483538 0.536768 0.294157 -1.87765 4.8896 6.25899 0 0.874916 0.874916
-0.477427 0.675505 0.274539 -2.00712 4.95053 5.80328 0 0.874916 0.874916
-0.470188 0.757431 0.254787 -1.90224 5.01143 6.25899 0.102 0.874916 -0.874916
-0.461904 0.884297 0.235327 -1.95029 5.07368 6.06583 0.0293826 0.874916 0.370852
-0.452211 1.03718 0.215108 -2.05298 5.13266 5.61011 0 0.874916 0.874916
-0.441278 1.12832 0.194582 -2.01068 5.16489 0.722649 0 0.874916 -0.259531
-0.429099 1.28501 0.17381 -2.10339 5.16991 0.266932 0 0.874916 0.874916
-0.415336 1.44185 0.152104 -2.19568 5.17032 -0.188785 0 0.874916 0.874916
-0.399989 1.59859 0.129466 -2.28826 5.16614 -0.644502 0 0.874916 0.874916
-0.383572 1.65291 0.106942 -2.17083 5.16191 -0.188785 0.102 0.874916 -0.874916
